0.23321282863616943
0.23856917023658752
0.13925449550151825
0.13298574090003967
0.17962408065795898
0.11025495082139969
0.08921822905540466
0.16031032800674438
0.10999622195959091
0.08154525607824326
0.12641361355781555
0.10141459107398987
0.1261356621980667
0.07041547447443008
0.08174575865268707
0.08716151863336563
0.0652388408780098
0.04817996546626091
0.05340375378727913
0.03722682595252991
0.035819388926029205
0.04237824305891991
0.02799306996166706
0.04699428379535675
0.045746173709630966
0.04321309179067612
0.04580676555633545
0.03150932863354683
0.05241948738694191
0.04670482501387596
0.027540650218725204
0.048778731375932693
0.04071986675262451
0.0627051591873169
0.036905061453580856
0.02968595363199711
0.042894624173641205
0.07610269635915756
0.03755606710910797
0.03280998766422272
0.03604503348469734
0.031969889998435974
0.05764959007501602
0.03465493768453598
0.051810771226882935
0.037675488740205765
0.050885990262031555
0.037241701036691666
0.030389923602342606
0.04463456571102142
0.041013769805431366
0.057334545999765396
0.028306910768151283
0.05016903579235077
0.03855134919285774
0.04777155816555023
0.02411000244319439
0.044130582362413406
0.03249619901180267
0.05117852985858917
0.04338623955845833
0.04935907945036888
0.04344575107097626
0.040364738553762436
0.03240714594721794
0.05075066536664963
0.037176165729761124
0.03620593622326851
0.025052517652511597
0.03129846602678299
0.04030513018369675
0.0446234829723835
0.03286522626876831
0.07643325626850128
0.02637631446123123
0.027535568922758102
0.022486193105578423
0.026324138045310974
0.02234094962477684
0.042647212743759155
0.024222271516919136
0.023260753601789474
0.04676983878016472
0.0389360748231411
0.023803258314728737
0.03374867886304855
0.03691478446125984
0.05324380472302437
0.03273151069879532
0.03321293368935585
0.05498248711228371
0.028772782534360886
0.03171202912926674
0.02075333334505558
0.04210108518600464
0.040092479437589645
0.02138059027493
0.022625882178544998
0.023631995543837547
0.03726217895746231
0.025258619338274002
0.026033295318484306
0.023146990686655045
0.04574843496084213
0.03231474384665489
0.038561757653951645
0.03656255081295967
0.03035992942750454
0.028635038062930107
0.027226058766245842
0.04232519119977951
0.025336818769574165
0.03951070085167885
0.05201384797692299
0.027178071439266205
0.024685751646757126
0.023703211918473244
0.03298545256257057
0.047174252569675446
0.03696112707257271
0.03177408128976822
0.031142324209213257
0.026649145409464836
0.02381291799247265
0.03443096578121185
0.030922051519155502
0.04321383312344551
0.0392986536026001
0.04295066371560097
0.05365203320980072
0.02943178452551365
0.02834521234035492
0.058081578463315964
0.030146818608045578
0.051126789301633835
0.02815743163228035
0.03262970969080925
0.02618619054555893
0.02966499887406826
0.03401710465550423
0.04222431033849716
0.02731829136610031
0.030318621546030045
0.03620972856879234
0.03599201887845993
0.032573919743299484
0.022480405867099762
0.024924134835600853
0.019512802362442017
0.02459256909787655
0.02520761266350746
0.02547685243189335
0.04387994483113289
0.022459223866462708
0.02766779065132141
0.03156858682632446
0.02634206973016262
0.026491649448871613
0.025005502626299858
0.03525834530591965
0.0260766614228487
0.04091424122452736
0.01889866590499878
0.02591084875166416
0.04075325280427933
0.04597194865345955
0.03934266045689583
0.03737637773156166
0.023282937705516815
