0.4702240228652954
0.4799860417842865
0.2795422673225403
0.2664620280265808
0.3605240285396576
0.22086359560489655
0.17874839901924133
0.32094135880470276
0.2201511710882187
0.16322363913059235
0.25297078490257263
0.20295026898384094
0.2526934742927551
0.1409294605255127
0.16373847424983978
0.175590381026268
0.13130292296409607
0.09651581197977066
0.10688856244087219
0.07451973855495453
0.07195965200662613
0.08488438278436661
0.05606763809919357
0.09405872970819473
0.09157060086727142
0.08651567250490189
0.09169213473796844
0.06313616037368774
0.10502626746892929
0.09348521381616592
0.0551823191344738
0.09769783169031143
0.08153832703828812
0.1255294382572174
0.07401788979768753
0.05949567258358002
0.08593427389860153
0.15236914157867432
0.07523312419652939
0.0656970962882042
0.07224444299936295
0.06409057229757309
0.11542556434869766
0.06940735131502151
0.10369507968425751
0.07577340304851532
0.10209168493747711
0.07457011193037033
0.060906004160642624
0.089366115629673
0.0821291133761406
0.11484487354755402
0.05672059953212738
0.10041125863790512
0.07717801630496979
0.0956735759973526
0.04831185191869736
0.0883537009358406
0.06509055197238922
0.10249259322881699
0.08688665181398392
0.0988679751753807
0.08694262057542801
0.08084189891815186
0.06488131731748581
0.10164334625005722
0.07445374876260757
0.07246384024620056
0.05021444708108902
0.06269348412752151
0.08070171624422073
0.08932708948850632
0.0658002719283104
0.1529908925294876
0.05282583832740784
0.055147185921669006
0.04502987489104271
0.052782732993364334
0.04477616399526596
0.085367850959301
0.04853745922446251
0.04658469557762146
0.0936538428068161
0.07799484580755234
0.04772937297821045
0.06762034446001053
0.07392164319753647
0.1066744327545166
0.06557412445545197
0.06660357862710953
0.11006207019090652
0.057631634175777435
0.06352303922176361
0.041554227471351624
0.08432633429765701
0.08028117567300797
0.04285053536295891
0.04533804580569267
0.04736296832561493
0.0746123194694519
0.0506613627076149
0.05213465169072151
0.04640042781829834
0.0915762186050415
0.06473299860954285
0.07719887048006058
0.07318923622369766
0.060839634388685226
0.05735054984688759
0.054533448070287704
0.08477413654327393
0.05074964463710785
0.07909109443426132
0.10411814600229263
0.05442594736814499
0.049461979418992996
0.047504011541604996
0.06615322083234787
0.09443869441747665
0.0740494579076767
0.06363463401794434
0.062394846230745316
0.05342937260866165
0.04771208390593529
0.06898249685764313
0.061917006969451904
0.08662892878055573
0.07867687940597534
0.08610793948173523
0.10743381083011627
0.058981649577617645
0.056828856468200684
0.1163128912448883
0.06050585210323334
0.10240080207586288
0.05639177933335304
0.06540466099977493
0.05250268429517746
0.059468578547239304
0.06813737004995346
0.08454668521881104
0.05488723888993263
0.06075836718082428
0.07250525057315826
0.07206698507070541
0.06525146961212158
0.04502856731414795
0.04991324990987778
0.03912543132901192
0.0492575503885746
0.05050800368189812
0.05106576532125473
0.08784620463848114
0.04500206932425499
0.05544643476605415
0.06328625231981277
0.052779749035835266
0.05304855853319168
0.05010445788502693
0.07067660987377167
0.05232354998588562
0.08194836974143982
0.03793959319591522
0.051938582211732864
0.08157924562692642
0.09202056378126144
0.07880392670631409
0.0748644545674324
0.046689894050359726
