0.04678606241941452
0.06539542973041534
0.14198894798755646
0.11392197012901306
0.10668960958719254
0.2242593765258789
0.15637120604515076
0.2041359394788742
0.23390285670757294
0.224371075630188
0.39074742794036865
0.4509373605251312
0.4360899031162262
0.5205750465393066
0.506904125213623
0.569606363773346
0.5900789499282837
0.6028270721435547
0.4941108822822571
0.5342313647270203
0.5355677008628845
0.4991777241230011
0.6295632123947144
0.5291378498077393
0.6009522676467896
0.4406338036060333
0.5377852320671082
0.6491721272468567
0.4911636412143707
0.5222924947738647
0.6974062323570251
0.511992871761322
0.5314592123031616
0.4556742310523987
0.5839335322380066
0.6111208200454712
0.563764214515686
0.376846045255661
0.6462823748588562
0.6142942905426025
0.5922958850860596
0.622279167175293
0.5017942190170288
0.6014040112495422
0.4911285936832428
0.6116132140159607
0.5558775663375854
0.5545012950897217
0.6328253149986267
0.5417974591255188
0.6273260116577148
0.4723051190376282
0.6121177077293396
0.5160067677497864
0.5708227753639221
0.5252161622047424
0.6391246318817139
0.5543316006660461
0.5909231305122375
0.5004770755767822
0.5612161755561829
0.6047360301017761
0.5321570038795471
0.561809778213501
0.6411123871803284
0.5625866651535034
0.5508825182914734
0.6516993641853333
0.6540107131004333
0.6147370338439941
0.54339200258255
0.5727462768554688
0.6105636358261108
0.4095655381679535
0.6525545120239258
0.6467142701148987
0.6506052613258362
0.5844908952713013
0.6849032640457153
0.5721950531005859
0.6509764194488525
0.6309865713119507
0.5727258324623108
0.5813413858413696
0.6484261155128479
0.5337533354759216
0.5347543954849243
0.5105870366096497
0.6247552037239075
0.6301396489143372
0.474251925945282
0.6799495220184326
0.5753572583198547
0.717013955116272
0.5245720148086548
0.5445922017097473
0.6997642517089844
0.6383537650108337
0.6902175545692444
0.5712475776672363
0.678876519203186
0.6905079483985901
0.6304279565811157
0.5300323367118835
0.5790477395057678
0.5046213865280151
0.5674578547477722
0.6653522849082947
0.6353468298912048
0.5828991532325745
0.56369948387146
0.648468554019928
0.5545241832733154
0.5118277072906494
0.6592543125152588
0.6549357175827026
0.6826270222663879
0.6018837690353394
0.4954870045185089
0.623521089553833
0.6647941470146179
0.6460031270980835
0.634458065032959
0.6627512574195862
0.6280930042266846
0.5981207489967346
0.6455966830253601
0.5376343131065369
0.6278780102729797
0.5236853957176208
0.5964894890785217
0.6247910857200623
0.526425838470459
0.5903523564338684
0.542951226234436
0.6218395233154297
0.6130439639091492
0.6529261469841003
0.6097684502601624
0.5543765425682068
0.5163567662239075
0.6701721549034119
0.6148527264595032
0.6406779289245605
0.6068373918533325
0.600431501865387
0.6011942028999329
0.6032840609550476
0.698062002658844
0.6693169474601746
0.6151928305625916
0.6708816289901733
0.5478797554969788
0.6335670351982117
0.6729313135147095
0.6175635457038879
0.6636006832122803
0.6684691309928894
0.612354040145874
0.5507509708404541
0.6751604080200195
0.5707321166992188
0.7163386940956116
0.6334322690963745
0.5459281206130981
0.5051453709602356
0.5633878707885742
0.5852656364440918
0.6636649966239929
